91.28330 109.18330   4.8200091.28330 109.18330   4.8200091.28330 109.18330   4.8200091.28330 109.18330   4.8200096.01670 106.25000   4.5200093.38330 108.93330   5.0800093.38330 108.93330   5.0800093.38330 108.93330   5.0800093.38330 108.93330   5.0800091.60000  99.70000   3.7000012 22 30
-5.000  0.000  1.000  2.000  3.000  4.000  5.000  6.000  7.000
  8.000  9.000 15.000-5.000  0.000  1.000  2.000  3.000  4.000  5.000  6.000  7.000
  8.000  9.000 10.000 11.000 12.000 13.000 14.000 15.000 16.000
 17.000 18.000 19.000 25.000-3.000  2.000  3.000  4.000  5.000  6.000  7.000  8.000  9.000
 10.000 11.000 12.000 13.000 14.000 15.000 16.000 17.000 18.000
 19.000 20.000 21.000 22.000 23.000 24.000 25.000 26.000 27.000
 28.000 29.000 35.0000.000  0.000  0.000  0.000  0.000  0.000  0.000  0.000  0.000  
0.000  0.000  0.000  0.000  0.000  0.000  0.000  0.000  0.000  
0.000  0.000  0.000  0.000  
0.000  0.000  0.000  0.000  0.000  0.000  0.000  0.000  0.000  
0.000  0.000  0.000  0.000  0.000  0.000  0.000  0.000  0.000  
0.000  0.000  0.000  0.000  
0.000  0.000  0.000  0.000  0.000  0.000  0.000  0.000  0.000  
0.000  0.000  0.000  0.000  0.000  0.000  0.000  0.000  0.000  
0.000  0.000  0.000  0.000  
0.000  0.000  0.000  0.000  0.000  0.000  0.000  0.000  0.000  
0.000  0.000  0.000  0.000  0.000  0.000  0.000  0.000  0.000  
0.000  0.000  0.000  0.000  
0.000  0.000  0.000  0.000  0.000  0.000  0.000  0.000  0.000  
0.000  0.000  0.000  0.000  0.000  0.000  0.000  0.000  0.000  
0.000  0.000  0.000  0.000  
0.000  0.000  0.000  0.000  0.000  0.000  0.000  0.000  0.000  
0.000  0.000  0.000  0.000  0.000  0.000  0.000  0.000  0.000  
0.000  0.000  0.000  0.000  
0.000  0.000  0.000  0.000  0.000  0.000  0.000  0.000  0.000  
0.000  0.000  0.000  0.000  0.000  0.000  0.000  0.000  0.000  
0.000  0.000  0.000  0.000  
0.000  0.000  0.000  0.000  0.000  0.000  0.000  0.000  0.000  
0.000  0.000  0.000  0.000  0.000  0.000  0.000  0.000  0.000  
0.000  0.000  0.000  0.000  
0.000  0.000  0.000  0.000  0.000  0.000  0.000  0.000  0.000  
0.000  0.000  0.000  0.000  0.000  0.000  0.000  0.000  0.000  
0.000  0.000  0.000  0.000  
0.000  0.000  0.000  0.000  0.000  0.000  0.000  0.000  0.000  
0.000  0.000  0.000  0.000  0.000  0.000  0.000  0.000  0.000  
0.000  0.000  0.000  0.000  
0.000  0.000  0.000  0.000  0.000  0.000  0.000  0.000  0.000  
0.000  0.000  0.000  0.000  0.000  0.000  0.000  0.000  0.000  
0.000  0.000  0.000  0.000  
0.000  0.000  0.000  0.000  0.000  0.000  0.000  0.000  0.000  
0.000  0.000  0.000  0.000  0.000  0.000  0.000  0.000  0.000  
0.000  0.000  0.000  0.000  
0.000  0.000  0.000  0.000  0.000  0.000  0.000  0.000  0.000  
0.000  0.000  0.000  0.000  0.000  0.000  0.000  0.000  0.000  
0.000  0.000  0.000  0.000  
0.000  0.000  0.000  0.000  0.000  0.000  0.000  0.000  0.000  
0.000  0.000  0.000  0.000  0.000  0.000  0.000  0.000  0.000  
0.000  0.000  0.000  0.000  
0.000  0.000  0.000  0.000  0.000  0.000  0.000  0.000  0.000  
0.000  0.000  0.000  0.000  0.000  0.000  0.000  0.000  0.000  
0.000  0.000  0.000  0.000  
0.000  0.000  0.000  0.000  0.000  0.000  0.000  0.000  0.000  
0.000  0.000  0.000  0.000  0.000  0.000  0.000  0.000  0.000  
0.000  0.000  0.000  0.000  
0.000  0.000  0.000  0.000  0.000  0.000  0.000  0.000  0.000  
0.000  0.000  0.000  0.000  0.000  0.000  0.000  0.000  0.000  
0.000  0.000  0.000  0.000  
0.000  0.000  0.000  0.000  0.000  0.000  0.000  0.000  0.000  
0.000  0.000  0.000  0.000  0.000  0.000  0.000  0.000  0.000  
0.000  0.000  0.000  0.000  
0.000  0.000  0.000  0.000  0.000  0.000  0.000  0.000  0.000  
0.000  0.000  0.000  0.000  0.000  0.000  0.000  0.000  0.000  
0.000  0.000  0.000  0.000  
0.000  0.000  0.000  0.000  0.000  0.000  0.000  0.000  0.000  
0.000  0.000  0.000  0.000  0.000  0.000  0.000  0.000  0.000  
0.000  0.000  0.000  0.000  
0.000  0.000  0.000  0.000  0.000  0.000  0.000  0.000  0.000  
0.000  0.000  0.000  0.000  0.000  0.000  0.000  0.000  0.000  
0.000  0.000  0.000  0.000  
0.000  0.000  0.000  0.000  0.000  0.000  0.000  0.000  0.000  
0.000  0.000  0.000  0.000  0.000  0.000  0.000  0.000  0.000  
0.000  0.000  0.000  0.000  
0.000  0.000  0.000  0.000  0.000  0.000  0.000  0.000  0.000  
0.000  0.000  0.000  0.000  0.000  0.000  0.000  0.000  0.000  
0.000  0.000  0.000  0.000  
0.000  0.000  0.000  0.000  0.000  0.000  0.000  0.000  0.000  
0.000  0.000  0.000  0.000  0.000  0.000  0.000  0.000  0.000  
0.000  0.000  0.000  0.000  
0.000  0.000  0.000  0.000  0.000  0.000  0.000  0.000  0.000  
0.000  0.000  0.000  0.000  0.000  0.000  0.000  0.000  0.000  
0.000  0.000  0.000  0.000  
0.000  0.000  0.000  0.000  0.000  0.000  0.000  0.000  0.000  
0.000  0.000  0.000  0.000  0.000  0.000  0.000  0.000  0.000  
0.000  0.000  0.000  0.000  
0.000  0.000  0.000  0.000  0.000  0.000  0.000  0.000  0.000  
0.000  0.000  0.000  0.000  0.000  0.000  0.000  0.000  0.000  
0.000  0.000  0.000  0.000  
0.000  0.000  0.000  0.000  0.000  0.000  0.000  0.000  0.000  
0.000  0.000  0.000  0.000  0.000  0.000  0.000  0.000  0.000  
0.000  0.000  0.000  0.000  
0.000  0.000  0.000  0.000  0.000  0.000  0.000  0.000  0.000  
0.000  0.000  0.000  0.000  0.000  0.000  0.000  0.000  0.000  
0.000  0.000  0.000  0.000  
0.000  0.000  0.000  0.000  0.000  0.000  0.000  0.000  0.000  
0.000  0.000  0.000  0.000  0.000  0.000  0.000  0.000  0.000  
0.000  0.000  0.000  0.000